<?xml version="1.0" encoding="utf-8"?>
<opencv_storage>
   <ImageSize type_id="opencv-matrix">
      <rows>1</rows>
      <cols>2</cols>
      <dt>d</dt>
      <data>3072 2048</data>
   </ImageSize>
   <CameraMatrix type_id="opencv-matrix">
      <rows>3</rows>
      <cols>3</cols>
      <dt>d</dt>
      <data>6228.1098516540232595 0.0000000000000000 1553.6852292449366360 0.0000000000000000 6227.2898084228299922 1087.2257304776233013 0.0000000000000000 0.0000000000000000 1.0000000000000000 </data>
   </CameraMatrix>
   <FocalLength type_id="opencv-matrix">
      <rows>1</rows>
      <cols>2</cols>
      <dt>d</dt>
      <data>6228.1098516540232595 6227.2898084228299922</data>
   </FocalLength>
   <PrincipalPoint type_id="opencv-matrix">
      <rows>1</rows>
      <cols>2</cols>
      <dt>d</dt>
      <data>1553.6852292449366360 1087.2257304776233013</data>
   </PrincipalPoint>
   <RadialDistortion type_id="opencv-matrix">
      <rows>1</rows>
      <cols>3</cols>
      <dt>d</dt>
      <data>-0.1206993398441046 0.3941556118919451 -0.9837426457828150 </data>
   </RadialDistortion>
   <TangentialDistortion type_id="opencv-matrix">
      <rows>1</rows>
      <cols>2</cols>
      <dt>d</dt>
      <data>0.0000000000000000 0.0000000000000000</data>
   </TangentialDistortion>
   <DistortionCoefficients type_id="opencv-matrix">
      <rows>1</rows>
      <cols>5</cols>
      <dt>d</dt>
      <data>-0.1206993398441046 0.3941556118919451 0.0000000000000000 0.0000000000000000 -0.9837426457828150 </data>
   </DistortionCoefficients>
   <MeanReprojectionError>0.0363743424997461</MeanReprojectionError>
   <AverageReprojectionError>0.03388155921750430.03809835240652850.03705757969428400.03776688796542710.03794362448805420.03508399684051030.03141762874890530.03191578597766120.03457169566091350.03581690483706320.03974898266874170.04059448604592070.03668587651362080.03757215749302690.03798944364468390.03827794477848120.03665980065288270.03883955054457990.03809548789361180.03639764463456800.03954061810135910.03657110470098460.03630056534133190.03615177207381540.03526006585681480.03908184076805080.03599885293391390.03503689090644690.03475210725672670.03771578321174150.02600365952399640.03661816765165290.03846936208443190.03400470679808570.04019532510872310.0333601169658148</AverageReprojectionError>
</opencv_storage>