# Default initial positions for aubo_robot's ros2_control fake system
# 与 aubo_i5.srdf 中 group_state "camera_pose" 一致

initial_positions:
  shoulder_joint: -0.27411168813705444
  upperArm_joint: 0.4963911175727844
  foreArm_joint: 1.7700852155685425
  wrist1_joint: -0.2978658676147461
  wrist2_joint: 1.571584939956665
  wrist3_joint: -0.2750104069709778
