image_width: 640
image_height: 480
camera_name: hand_eye_camera
camera_matrix:
- - 466.174635
  - 0.0
  - 326.071333
- - 0.0
  - 465.556589
  - 244.789156
- - 0.0
  - 0.0
  - 1.0
camera_matrix_info:
  rows: 3
  cols: 3
  description: 相机内参矩阵 [fx, 0, cx; 0, fy, cy; 0, 0, 1]
distortion_model: plumb_bob
distortion_coefficients:
- 0.003695
- -0.000856
- -0.000655
- 4.2e-05
- 0.0
distortion_coefficients_info:
  count: 5
  description: 畸变系数 (k1, k2, p1, p2, k3)
hand_eye_calibration:
  calibration_type: Eye-to-Hand
  calibration_method: SVD
  calibration_date: '2026-01-12 15:54:51'
  camera_height_mm: 550.0
  transformation_matrix:
  - - -0.9991202821115619
    - -0.040791961541170985
    - -0.009730249068573256
    - 45.79421695567721
  - - 0.04076508501642652
    - -0.9991644189992139
    - 0.0029447664706813434
    - 107.39917273393264
  - - -0.009842241457938402
    - 0.0025455214764284187
    - 0.9999483239665421
    - 3.8410486267634396
  - - 0.0
    - 0.0
    - 0.0
    - 1.0
  transformation_matrix_info:
    rows: 4
    cols: 4
    description: 齐次变换矩阵：相机坐标系 → 机器人基座坐标系
    format: '[[R11, R12, R13, tx], [R21, R22, R23, ty], [R31, R32, R33, tz], [0, 0,
      0, 1]]'
  rotation_matrix:
  - - -0.9991202821115619
    - -0.040791961541170985
    - -0.009730249068573256
  - - 0.04076508501642652
    - -0.9991644189992139
    - 0.0029447664706813434
  - - -0.009842241457938402
    - 0.0025455214764284187
    - 0.9999483239665421
  rotation_matrix_info:
    rows: 3
    cols: 3
    description: 旋转矩阵（3x3），无单位
  translation_vector:
  - 45.79421695567721
  - 107.39917273393264
  - 3.8410486267634396
  translation_vector_info:
    rows: 3
    cols: 1
    unit: mm
    description: 平移向量 [tx, ty, tz]，单位：毫米
  calibration_accuracy:
    mean_error_mm: 5.800091980877628
    max_error_mm: 11.964713553749299
    min_error_mm: 0.9175948204980082
    std_error_mm: 3.003309269072712
    data_point_count: 0
