# oST version 5.0 parameters


[image]

width
640

height
480

[narrow_stereo]

camera matrix
466.174635 0.000000 326.071333
0.000000 465.556589 244.789156
0.000000 0.000000 1.000000

distortion
0.003695 -0.000856 -0.000655 0.000042 0.000000

rectification
1.000000 0.000000 0.000000
0.000000 1.000000 0.000000
0.000000 0.000000 1.000000

projection
467.550474 0.000000 326.089618 0.000000
0.000000 466.630771 244.402716 0.000000
0.000000 0.000000 1.000000 0.000000

