# oST version 5.0 parameters


[image]

width
640

height
480

[narrow_stereo]

camera matrix
462.966355 0.000000 328.512101
0.000000 461.168340 250.752617
0.000000 0.000000 1.000000

distortion
0.008263 -0.014846 0.002199 0.002100 0.000000

rectification
1.000000 0.000000 0.000000
0.000000 1.000000 0.000000
0.000000 0.000000 1.000000

projection
463.442775 0.000000 330.059884 0.000000
0.000000 462.262649 251.783998 0.000000
0.000000 0.000000 1.000000 0.000000

